101 6
102 2
103 5
104 1
106 2
107 9
108 10
109 4
110 5
111 8
112 3
114 2
115 7
116 3
117 1
118 10
119 3
120 1
121 1
122 10
123 1
124 8
125 8
126 8
127 9
128 5
129 8
130 10
131 9
133 6
134 10
136 9
137 9
138 7
139 4
140 9
142 6
143 7
144 4
145 7
147 1
148 3
149 6
150 1
151 2
153 10
154 7
155 6
156 7
157 1
158 9
159 8
160 7
161 5
162 6
163 4
164 9
165 6
166 4
167 3
168 2
169 9
170 1
171 6
172 5
173 5
174 3
175 2
176 8
177 5
178 3
179 9
180 7
181 7
182 3
183 10
184 8
185 3
186 10
187 9
188 1
189 7
190 4
191 2
