101 2
102 7
103 1
104 3
105 6
106 2
107 9
108 5
109 2
110 6
112 4
113 6
114 3
115 2
116 1
117 4
118 2
119 5
120 3
121 7
122 5
123 4
124 4
125 4
126 3
127 8
128 9
129 3
130 9
131 6
133 3
134 6
135 1
136 2
137 5
138 4
139 6
140 3
141 2
142 5
143 8
144 9
145 6
146 4
147 10
148 7
149 9
150 2
151 6
152 5
153 4
154 2
155 7
157 1
158 7
159 10
160 3
162 1
163 5
164 3
165 9
166 2
167 7
168 8
169 4
170 3
171 1
172 3
173 8
174 10
175 4
176 8
177 1
178 10
179 4
180 7
181 1
182 6
183 1
184 7
185 4
186 10
187 10
188 10
189 7
190 8
191 1
