102 8
103 2
104 10
105 1
106 5
108 7
109 10
110 3
111 10
112 6
113 5
114 1
115 10
117 10
118 2
119 2
120 7
121 4
122 4
123 6
125 8
126 9
127 2
128 4
129 5
130 6
131 3
132 9
133 7
134 6
136 4
138 8
139 5
140 2
141 7
142 3
143 9
144 1
145 -1
146 9
147 4
148 3
149 7
150 1
151 8
152 2
153 8
154 8
155 7
156 8
157 6
158 8
159 5
160 9
161 9
163 2
164 4
166 4
167 8
169 6
170 2
171 9
172 5
173 6
174 3
175 1
176 4
177 9
178 8
179 4
180 2
181 10
182 5
183 8
184 8
185 6
186 8
187 7
188 6
189 10
190 5
191 10
