101 1
102 6
104 3
106 8
107 4
108 2
109 10
110 4
112 3
113 2
114 -1
115 10
116 4
117 9
118 9
119 8
120 1
121 10
122 3
124 8
127 10
128 1
129 9
130 1
131 2
132 9
133 7
134 2
135 6
136 9
137 9
138 5
139 2
140 10
141 10
142 8
143 5
144 5
145 8
146 9
147 3
148 8
149 1
150 6
151 3
152 10
153 5
154 10
156 6
157 3
158 8
159 4
160 6
161 2
162 9
164 3
165 8
166 1
167 10
168 2
169 4
170 10
171 6
172 10
173 10
174 8
175 6
176 4
177 9
178 8
179 10
180 5
181 10
182 6
183 2
184 2
185 5
186 8
187 2
188 -1
189 4
190 5
191 10
