101 9
102 9
103 6
104 7
105 2
106 7
107 8
108 6
109 8
110 5
111 7
112 6
113 1
114 9
115 2
117 6
118 5
119 5
120 7
121 6
122 9
123 2
124 8
125 8
126 5
127 2
128 3
129 3
130 10
131 4
132 3
133 2
134 10
135 9
136 5
137 4
138 2
140 3
141 10
142 2
143 5
144 1
145 6
146 7
147 4
148 5
150 7
151 8
152 8
153 5
154 -1
155 9
156 2
157 2
158 5
159 4
160 4
161 7
162 9
163 5
164 8
165 5
166 6
167 1
168 8
169 2
171 3
172 10
173 6
175 8
176 3
177 1
178 1
179 1
180 7
181 10
182 1
183 7
184 10
185 6
186 2
187 8
188 1
189 5
191 7
