101 9
102 6
103 1
104 10
105 3
107 6
108 10
109 5
110 6
111 10
112 1
115 10
116 10
117 1
118 2
119 9
120 1
121 1
122 4
123 2
124 3
125 4
126 3
127 5
128 4
129 3
131 4
132 3
133 9
134 7
135 4
136 4
137 6
138 4
139 6
141 5
142 2
143 8
144 10
145 9
146 6
147 9
148 2
149 3
150 -1
151 8
152 10
153 -1
154 6
155 10
156 10
157 6
158 10
159 9
160 5
161 5
162 5
163 3
164 8
165 4
166 10
167 4
168 2
169 7
170 9
171 6
172 4
173 2
174 6
176 7
177 9
178 5
179 10
181 8
182 4
183 5
184 9
185 7
186 2
187 5
188 9
189 1
190 5
191 8
