101 4
102 5
104 8
105 5
106 7
107 10
108 5
109 9
110 5
111 5
112 6
113 1
114 7
116 1
117 3
118 7
119 9
120 2
121 3
122 1
123 -1
124 7
125 10
126 5
127 7
128 8
130 5
131 6
133 2
134 2
135 9
136 5
137 3
138 10
139 9
140 8
143 5
144 9
145 10
146 5
147 7
148 7
149 7
150 4
152 1
153 9
154 3
155 1
156 5
157 10
158 6
159 6
161 2
162 3
164 7
165 3
166 2
167 4
168 5
169 8
170 10
171 10
172 9
173 4
174 2
175 3
176 6
177 3
178 4
179 6
180 8
181 5
182 3
183 4
184 2
185 6
186 6
187 2
188 5
189 1
190 9
191 9
