201 6
202 10
203 10
204 1
205 9
206 7
207 2
208 10
209 5
210 9
211 8
212 4
213 7
214 5
215 2
216 5
217 10
218 2
219 3
220 9
221 3
222 1
223 8
224 6
225 5
226 2
227 2
228 2
229 2
230 9
231 3
232 3
234 5
235 4
236 7
237 1
238 3
239 5
241 8
242 3
243 7
244 6
245 10
246 3
247 7
249 9
250 1
251 9
252 4
253 5
254 6
255 8
256 5
257 10
258 7
259 1
260 8
262 7
263 8
264 4
265 7
266 3
267 4
268 8
269 4
271 5
272 5
273 1
274 4
275 10
276 7
277 6
278 2
279 4
280 9
281 10
282 1
283 4
284 6
285 6
286 2
287 7
288 8
289 4
290 10
