201 10
202 1
203 2
204 9
205 2
206 5
207 7
208 5
209 2
211 8
212 10
213 10
214 6
215 6
216 2
217 6
218 2
219 4
220 3
221 9
222 10
223 5
224 10
226 7
227 3
228 2
229 5
230 2
231 3
232 3
233 7
234 9
235 3
236 4
237 2
238 2
240 2
241 6
242 10
243 5
245 6
246 3
247 -1
248 4
250 5
252 1
253 6
254 8
255 6
256 8
257 7
258 10
259 7
260 3
261 8
262 -1
263 4
264 1
265 6
266 10
267 10
268 -1
269 6
270 -1
271 4
272 2
273 3
274 3
276 1
277 3
278 3
279 9
281 4
282 4
283 8
284 10
285 5
286 5
287 4
288 10
289 5
290 1
