201 5
202 10
203 7
204 3
205 2
206 9
207 3
208 10
210 8
211 7
212 1
213 5
214 3
215 2
216 2
217 1
218 7
219 3
220 2
221 4
222 1
223 4
224 4
225 1
226 7
227 4
228 1
229 9
230 4
231 9
232 5
233 10
234 1
235 -1
236 8
237 4
238 1
240 2
241 8
242 9
243 1
244 8
245 5
246 10
247 4
248 3
249 7
252 2
253 9
254 7
255 8
256 8
257 8
258 1
259 8
260 1
261 7
262 3
263 8
264 8
265 9
266 1
268 7
269 5
270 5
271 2
272 9
273 6
274 10
275 5
276 9
277 2
278 7
279 9
280 3
281 9
282 3
283 -1
284 10
285 9
286 9
287 6
289 3
290 2
