202 1
203 7
204 4
205 10
206 4
207 8
208 3
209 6
210 9
211 9
212 8
213 3
214 1
215 7
216 3
217 6
218 10
219 8
220 10
221 2
222 4
223 9
224 7
225 10
226 5
227 6
229 7
230 8
231 1
232 10
233 7
234 8
235 1
236 2
237 4
238 8
239 10
240 10
241 7
242 7
243 4
244 5
245 7
246 2
247 2
248 7
249 9
250 8
251 7
252 7
253 9
255 5
256 10
257 9
258 6
260 8
261 10
262 3
264 1
265 3
266 5
267 1
268 4
270 5
271 6
272 3
273 10
274 9
275 3
276 5
277 10
278 9
279 10
280 6
281 2
282 1
283 3
284 9
285 10
287 4
288 7
289 3
290 10
