202 4
203 10
204 10
205 4
206 -1
207 10
208 5
209 6
210 9
211 8
212 6
213 10
214 3
215 3
216 9
217 8
218 3
219 8
220 10
221 10
222 5
223 5
224 9
225 9
227 6
228 1
229 5
230 7
231 3
232 6
233 5
234 8
235 4
236 6
237 10
238 1
239 5
240 6
241 8
243 6
244 6
246 1
247 9
248 2
250 6
251 6
252 8
253 6
254 7
255 8
256 4
257 3
258 2
259 1
260 2
261 8
262 6
263 9
264 3
265 8
266 6
267 7
268 7
269 3
271 10
272 7
273 6
274 2
275 2
276 2
277 6
278 5
279 10
281 7
282 10
283 4
284 10
285 7
286 5
287 6
288 4
289 5
290 8
