201 3
202 5
203 7
204 9
205 6
206 10
207 6
208 3
209 7
211 3
212 6
213 7
214 1
215 10
216 2
217 6
218 7
219 6
220 8
222 1
223 7
224 10
225 4
226 9
227 1
228 10
229 10
230 6
231 3
232 2
233 9
234 4
235 10
236 6
237 9
238 8
239 4
240 2
241 8
242 2
243 5
244 6
245 2
246 9
247 9
248 6
249 1
250 3
251 9
252 3
253 2
254 2
255 2
257 3
258 9
259 10
260 6
261 3
262 8
263 -1
264 6
265 5
266 9
267 9
268 9
269 3
270 3
271 3
272 1
273 4
274 8
275 3
276 -1
277 3
278 10
281 4
282 3
283 3
284 9
285 3
286 1
287 4
288 2
289 7
290 4
