201 10
202 9
203 10
204 5
205 5
207 10
208 10
209 9
210 3
211 8
212 4
213 7
214 1
215 7
216 8
217 2
219 4
221 6
222 9
223 8
224 8
225 2
226 2
227 4
228 2
229 -1
230 4
231 2
232 10
233 2
234 2
235 6
236 4
237 4
238 10
239 3
241 6
242 1
243 10
244 -1
245 5
246 10
248 9
249 2
250 5
251 2
252 9
253 9
254 7
255 1
256 4
257 7
258 1
259 2
260 4
261 9
262 3
263 3
264 8
265 -1
266 10
267 6
268 1
269 10
270 6
271 4
272 10
273 10
274 2
275 6
276 9
277 8
278 2
279 1
280 4
281 5
282 2
283 7
284 6
286 4
287 3
288 -1
289 1
290 6
