301 4
302 2
303 10
304 5
305 3
306 8
307 9
308 2
309 9
311 10
312 4
314 9
315 6
316 4
317 1
318 9
319 8
320 1
321 1
322 9
323 2
324 3
325 6
326 5
327 5
328 10
329 8
330 2
331 10
332 8
333 10
335 4
336 5
337 5
338 9
339 1
340 8
341 3
342 9
343 8
344 7
345 4
347 8
348 9
349 8
350 8
351 4
352 1
353 8
354 10
356 9
357 4
358 2
359 5
360 6
361 3
362 5
363 6
364 10
365 7
366 9
367 9
368 1
369 2
370 7
371 9
372 4
373 2
374 8
375 9
376 9
377 10
378 -1
379 2
382 10
383 1
384 9
385 2
386 9
387 4
388 2
389 6
390 8
