301 1
302 6
303 6
304 4
305 6
306 5
307 6
308 -1
309 7
310 7
311 8
312 2
313 10
314 6
315 2
316 4
317 -1
318 8
319 5
320 2
321 8
322 9
323 5
324 2
325 2
326 6
327 2
328 1
329 8
330 5
331 1
332 7
333 3
335 -1
336 7
337 2
338 5
339 3
340 9
341 -1
342 3
344 4
345 7
346 10
347 5
348 9
349 4
351 10
352 9
353 9
354 5
355 10
356 6
357 5
358 9
359 3
360 1
361 4
362 4
363 7
364 9
366 5
367 6
368 10
369 10
370 8
372 3
373 6
374 7
375 7
376 10
377 7
378 3
379 5
380 8
381 5
382 3
383 1
384 7
385 2
386 8
387 1
388 7
389 7
390 6
