301 1
302 7
303 10
304 3
305 7
306 -1
307 5
308 7
309 4
310 7
311 6
312 10
313 1
314 2
315 5
316 1
317 10
318 -1
319 2
320 10
321 5
322 9
323 3
324 5
325 5
326 6
327 4
328 4
329 6
330 10
331 9
332 4
333 3
334 10
335 1
336 4
337 10
338 8
339 4
340 9
341 8
342 2
343 3
344 6
346 2
347 1
348 1
349 9
350 5
351 6
352 7
353 5
355 4
356 9
357 5
358 5
359 2
360 7
361 8
362 7
363 4
364 7
365 8
366 8
367 7
368 6
369 3
370 8
371 7
372 6
373 7
374 10
375 9
376 4
377 5
378 3
379 6
380 7
381 1
382 5
383 6
384 9
385 10
386 5
387 6
388 9
389 3
390 2
