401 7
403 5
404 9
405 2
406 -1
407 8
408 1
409 3
410 10
411 6
412 5
414 3
415 7
416 4
417 6
418 8
419 1
420 5
421 6
422 7
424 1
425 4
426 1
427 6
428 2
429 8
430 3
431 9
432 4
433 2
434 9
435 1
436 5
437 10
438 10
439 3
440 5
442 5
443 2
444 2
445 5
446 4
447 10
448 1
449 8
450 7
451 10
452 1
453 8
454 6
455 8
456 2
457 9
458 3
459 8
460 4
461 6
462 1
463 4
464 7
465 2
467 9
469 3
470 10
472 1
473 9
474 4
475 2
476 9
477 4
478 2
479 7
480 10
481 -1
483 2
484 7
485 6
486 9
487 2
489 6
490 8
491 2
492 3
493 6
