401 4
402 9
403 2
404 7
405 -1
406 4
407 9
408 7
409 5
410 9
411 9
412 4
413 1
414 3
415 2
416 3
417 5
418 10
419 8
420 1
421 9
422 10
423 2
424 7
426 7
427 4
428 9
429 9
430 4
431 2
432 2
433 2
434 6
435 2
436 -1
437 1
439 5
440 5
441 6
442 3
443 1
444 3
445 1
446 3
448 4
449 3
450 5
451 -1
452 4
453 9
454 8
455 10
456 1
457 8
459 7
460 2
462 3
464 10
465 -1
466 8
467 3
468 4
469 8
470 8
471 7
472 10
473 7
474 1
475 5
476 10
478 2
480 9
481 1
482 6
483 5
484 9
485 6
486 6
487 7
488 3
490 8
491 6
492 -1
493 10
