401 1
402 2
403 2
404 5
405 8
406 6
407 10
408 10
409 3
411 1
412 5
413 6
414 4
415 8
416 10
417 2
418 10
419 3
420 2
421 7
422 7
423 8
424 8
425 3
426 -1
427 3
428 1
429 7
430 9
431 6
432 3
433 5
434 4
435 2
437 10
438 5
439 1
440 6
442 8
443 9
444 3
445 8
446 9
447 7
448 2
449 10
450 6
451 4
452 8
453 1
454 6
455 1
456 8
457 2
458 3
459 4
460 1
463 6
464 8
465 5
466 10
467 6
468 6
469 4
471 9
473 6
474 10
475 1
476 7
477 9
478 2
479 9
480 1
481 7
482 8
483 2
486 2
487 5
488 3
489 6
490 9
491 3
492 1
493 3
