401 8
402 1
403 10
404 9
405 9
406 3
407 3
409 7
410 4
412 5
413 10
414 8
416 8
417 10
418 9
419 9
420 5
421 3
424 1
425 7
426 6
427 3
428 2
429 10
430 5
431 6
432 6
433 8
434 9
435 10
436 10
437 3
438 9
439 2
440 2
441 6
442 -1
443 5
444 5
445 10
446 8
447 10
448 9
449 5
450 5
451 1
452 3
453 1
454 7
455 4
456 6
457 1
458 5
459 8
460 1
462 5
464 -1
465 2
466 5
467 5
468 8
469 7
470 10
471 5
472 10
473 9
474 9
475 2
476 5
477 6
478 10
479 10
480 1
481 6
482 2
483 9
484 1
485 3
486 4
487 6
488 1
489 1
490 3
491 2
492 9
