401 -1
402 3
403 10
404 10
405 8
406 6
407 9
408 4
409 8
410 8
411 5
412 7
413 3
414 1
415 5
416 1
417 8
418 2
419 8
420 10
422 2
423 10
425 4
426 -1
427 4
428 2
430 3
431 9
432 1
433 7
434 7
435 7
436 9
437 6
438 4
439 7
440 9
441 8
442 6
443 9
444 9
446 6
447 7
448 8
449 2
450 -1
451 -1
452 2
453 4
454 10
455 9
456 9
457 4
458 1
459 2
460 5
461 7
462 6
463 7
464 8
465 10
466 6
467 4
468 4
470 7
471 5
472 1
473 9
474 6
475 10
476 8
477 1
478 5
479 10
480 8
481 -1
482 6
483 9
484 7
485 3
486 1
487 3
488 2
489 9
490 3
491 10
493 8
