401 9
402 -1
403 3
404 2
406 7
407 8
408 -1
409 4
410 8
411 3
412 7
414 9
415 6
416 6
417 8
418 6
419 8
420 1
421 9
422 5
423 9
424 2
425 10
426 7
427 6
428 1
429 4
430 5
431 6
432 4
433 8
434 7
435 6
436 2
437 8
439 3
440 1
441 6
442 1
443 6
444 4
445 -1
447 2
448 5
449 3
450 3
451 9
453 1
454 6
455 7
456 -1
458 1
459 7
460 1
462 9
463 9
464 8
465 -1
466 6
467 5
468 8
469 7
471 4
473 5
474 8
475 4
476 3
477 7
478 1
480 10
481 3
482 8
483 10
484 5
486 6
487 9
488 1
489 10
490 8
491 5
492 6
493 5
