401 8
402 5
403 10
404 2
405 5
406 9
407 10
408 9
409 6
410 6
411 5
412 3
413 7
414 9
415 -1
416 10
417 8
418 6
419 1
420 8
421 3
422 4
423 4
424 6
425 3
426 9
428 8
429 7
430 9
431 9
432 7
433 5
434 8
435 1
437 7
438 6
439 8
440 2
442 4
443 7
444 1
445 10
446 5
447 4
448 8
449 8
450 6
451 3
452 3
453 9
454 7
455 9
456 10
457 4
458 8
459 5
460 5
461 9
462 5
463 5
464 1
465 10
466 4
467 3
468 2
469 9
470 10
472 8
473 9
474 4
475 1
476 3
477 10
478 4
479 7
480 1
481 8
482 9
483 5
484 6
485 3
486 6
487 4
488 7
489 7
490 9
491 6
492 4
493 5
