401 1
402 7
403 1
404 1
405 5
406 4
407 2
408 9
409 9
410 9
411 3
412 2
413 7
415 2
416 5
417 8
418 5
419 4
420 5
421 6
422 5
423 8
424 2
425 9
426 10
427 3
428 1
429 8
430 3
431 5
432 9
433 8
434 7
435 1
436 7
437 2
438 2
439 5
440 3
441 5
442 8
443 8
444 2
445 5
446 7
447 6
448 10
449 8
450 -1
451 10
452 4
453 4
454 4
455 7
456 8
457 8
458 9
459 1
460 1
461 8
462 5
463 8
464 9
465 5
466 5
467 10
468 10
469 1
470 5
471 7
472 9
473 7
475 9
476 3
477 8
478 7
479 1
480 8
481 9
482 6
483 4
484 3
485 6
486 8
487 3
488 6
490 6
491 6
492 6
493 7
