502 9
503 6
504 8
505 5
506 1
507 10
508 4
509 3
510 10
511 7
512 10
513 9
514 7
515 7
516 10
517 1
518 5
519 3
520 8
521 8
522 3
523 8
524 6
525 1
526 3
528 3
529 4
530 1
531 7
532 6
533 3
534 3
535 3
536 10
537 9
538 8
539 2
540 4
541 6
542 10
543 10
544 10
545 9
546 7
547 9
548 8
549 4
550 3
551 2
554 10
556 2
557 7
558 -1
559 5
560 5
561 5
562 5
563 4
564 2
565 3
566 8
567 3
568 7
569 3
570 4
572 10
573 5
574 6
575 9
576 10
577 6
578 2
579 2
580 8
581 10
582 5
583 4
584 5
585 -1
586 10
587 8
